6.66026069452749e-08 50.00059342630347
3.113382880570275e-07 49.9977574734138
1.5186956327867358e-06 49.99173913300707
200.002716839928 1.2794795986217677e-07
153.13629669199685 0.780882396810911
196.63080305490473 0.0035787612980234798
186.83452354712608 0.05603478402711912
156.60654958049577 0.6625020704190027
171.5550008240957 0.27260730987052517
4.937160008236278 35.52261459975256
149.52601929971962 0.915904595048187
183.70822717623352 0.08651681086651439
179.13613780308737 0.14364562152246133
193.06279746339857 0.015306994325921901
78.96504627263906 6.906154200440476
132.251610825459 1.7451387133685454
46.03277187869525 13.532873274713731
9.327140622830811 30.73648972066549
88.07199700754899 5.658378301849689
160.90414311019893 0.5309632058602034
158.7677884529433 0.594312132734222
141.7256182225281 1.2513547415641613
0.7621966079656686 44.017317462464504
111.54308301656286 3.205436214604461
76.64484322615877 7.256104741136086
52.174663640884404 11.967907416909956
91.70261960052349 5.2120967559836835
176.029609356967 0.19121304671625663
190.94567953352387 0.026225322699349587
181.90388454389685 0.10724429831774815
113.45644448658959 3.0459760237810105
39.042863544977195 15.577795657648462
36.956481270297886 16.252822299238083
120.92303204160172 2.473756421073653
11.039571701658204 29.26584911642465
57.616268856446226 10.730969782799221
61.03258851764882 10.01665570919054
68.87221246998259 8.535831770395156
14.84506600811514 26.467071566070985
42.60813179527089 14.495744401615017
177.75041251730784 0.16396538088467283
117.14174053537195 2.753847278955161
74.12876825530114 7.651689928436246
147.98005479615205 0.9775881618802857
12.991573737368222 27.761343726640682
84.44819100501962 6.131978924883954
28.02870835106162 19.571564728979318
25.65727090754323 20.597252236925826
11.866535511053002 28.60833471073994
96.53446903315421 4.659004171833807
82.18627097407717 6.442676734658162
125.78428556501028 2.141525276438319
17.4254056603724 24.83908111993214
34.32876548335541 17.152355850913697
118.09895364764328 2.6810966585279425
53.65641313392939 11.618226738097327
20.125075215898917 23.30979285567851
65.6626856800575 9.117031259787641
62.547727653960195 9.714013741442468
98.19756550003886 4.478882487609438
1.512041429144019 41.68319733523022
16.765447376810968 25.23844005615517
72.85817588127361 7.858065427145881
29.89424054610435 18.81224876373902
7.087527869660974 32.94712559803311
23.51927733872523 21.587489796133223
127.13790798560359 2.054339278989434
97.65539624165694 4.537031806195688
136.15872034680305 1.5295553134055246
143.6894029689815 1.161101024775121
128.07033973335473 1.9956180220951931
101.81400808556003 4.104377992569651
24.19538436274456 21.26716954036217
42.3008733275681 14.585859624985527
21.7253026065881 22.47285969082037
109.01897657112309 3.4243259010511355
2.95089736369503 38.591138074348
0.31150927858156596 46.1313012254702
62.26340404034825 9.770061343418718
146.98799333573982 1.0184200828252443
30.673092545309466 18.506438907729965
171.8180179160687 0.2673946710399207
168.92200249868597 0.32783464795401784
32.195494204327545 17.926884303545776
132.5086098323618 1.730422138212227
122.37849091154982 2.371087864473089
166.84120716395847 0.37543871367248083
108.13830985394216 3.502852741310811
165.7141210233184 0.4026774547755449
147.348339047323 1.0034559141618182
103.93139059491193 3.8956133589714437
93.39846814956923 5.012849392864656
165.15792073708855 0.4165157378934677
4.0702992345105224 36.751887322710985
140.8851890008491 1.2912302021049293
55.142179610761346 11.277373229829792
46.94973174120742 13.286740588562935
46.782871752413875 13.331061672160033
47.27037295635655 13.201930217829826
6.120758544491977 34.03635264516641
