0.0 1.4419266932438661
1.0 0.1857112291158447
0.7605348990891372 0.3875417687423723
0.3283587236447159 0.7651985461641257
0.11283200124300839 1.099864542022935
0.03615569986454503 1.3188620506322295
0.15652220259044503 1.0456244932661234
0.471284136756995 0.6783551988369468
0.06677979178002408 1.225196558500856
0.8429422165416215 0.3475986214343044
0.2708955754933 0.8598369449030235
0.07398821278653994 1.191681238433812
0.07949533502600253 1.1586495236421728
0.1569681917896692 1.024455080531667
0.2874231191362976 0.8269381432846216
0.39878416472437006 0.6835661225210907
0.04707166368311755 1.2389800522193326
0.011614695701439982 1.3602693770693737
0.36792604753001656 0.7304543309142348
0.18305847565724306 0.9285013497949636
0.6600041155161693 0.509711026131587
0.8041027465593372 0.38677032473999107
0.35911308929837016 0.756736704827263
0.008082599023171932 1.39590850467607
0.237657330946494 0.9199414707279585
0.3257777695613421 0.7870500794226943
0.06015835437603656 1.2297188607300502
0.14420890585135226 1.0484426543207839
0.2666953050167452 0.9061668175807606
0.040964235179027676 1.2509228930197593
0.47323474257382675 0.567714533367542
0.08585160282967053 1.1290857657760978
0.5506928835916498 0.5592690279029506
0.10473338933943466 1.1172199604146538
0.934510109448222 0.28860516620323845
0.5664266012512089 0.5097335426912203
0.6662745566702155 0.39990643918144236
